¿ø¼×±àºÅ	²¿¼þ±àºÅ	ËµÃ÷
1	2	Sè hiÖu kh«i gi¸p c¨n cø vµo trÞ sè armor cña trang bÞ 
2	3	Sè hiÖu trang bÞ cÇn theo ®óng thø tù trong file gèc, phÝa tr­íc sè hiÖu th­êng cã thªm sè 1.Tèi ®a lµ 22.
3	4	
4	5	
5	6	
6	7	
7	8	
8	9	
9	10	
10	11	
11	12	
12	13	
13	14	
14	15	
15	16	
16	17
17	18
18	19
19	20
20	21
21	22
22	2
23	3
24	4
25	5
26	6
27	7
28	8
29	9
30	10
31	11
32	12
33	13
34	14
35	15
36	16
37	17
38	18
39	19
40	20
41	21
42	22
43	49
44	50
45	51
46	52
47	53
48	54
49	55
50	56
51	57
52	58
53	59
54	60
55	61
56	62
57	63
58	64
59	65
60	66
61	67
62	68
63	69
64	70
65	71
66	72
67	73
68	74
69	75
70	76
71	77
72	78
73	79
74	80
75	81
76	82
77	83
78	84
79	85
80	86