¿ø¼×±àºÅ	²¿¼þ±àºÅ	ËµÃ÷
1	2	Sè hiÖu kh«i gi¸p c¨n cø vµo trÞ sè armor cña trang bÞ 
2	3	"Sè hiÖu trang bÞ cÇn theo ®óng thø tù trong file gèc, phÝa tr­íc sè hiÖu th­êng cã thªm sè 1.Tèi ®a lµ 22."
3	4	
4	5	
5	6	
6	7	
7	8	
8	9	
9	10	
10	11	
11	12	
12	13	
13	14	
14	15	
15	16	
16	17
17	18
18	19
19	20
20	21
21	22
22	2
23	3
24	4
25	5
26	6
27	7
28	8
29	9
30	10
31	11
32	12
33	13
34	14
35	15
36	16
37	17
38	18
39	19
40	20
41	21
42	22
43	23
44	24
45	25
46	26
47	27
48	28
49	29
50	30
51	31
52	32
53	33
54	34
55	35
56	36
57	37
58	38
59	39
60	40
61	41
62	42
63	43
64	44
65	45
66	46
67	47
68	48
69	49
70	50
71	51
72	52
73	53
74	54
75	55
76	56