µÀ¾ßÒ»	µÀ¾ßÒ»	µÀ¾ß¶þ	µÀ¾ßÈý	µÀ¾ßËÄ	µÀ¾ßÎå	µÀ¾ßÁù	µÀ¾ßÆß	µÀ¾ß°Ë	µÀ¾ß¾Å	µÀ¾ßÊ®	µÀ¾ßÊ®Ò»	µÀ¾ßÊ®¶þ	µÀ¾ßÊ®Èý	µÀ¾ßÊ®ËÄ	µÀ¾ßÊ®Îå	µÀ¾ßÊ®Áù	µÀ¾ßÊ®Æß	µÀ¾ßÊ®°Ë	µÀ¾ßÊ®¾Å	µÀ¾ß¶þÊ®	µÀ¾ß¶þÊ®Ò»	µÀ¾ß¶þÊ®¶þ	µÀ¾ß¶þÊ®Èý	µÀ¾ß¶þÊ®ËÄ	µÀ¾ß¶þÊ®Îå	µÀ¾ß¶þÊ®Áù	µÀ¾ß¶þÊ®Æß	µÀ¾ß¶þÊ®°Ë	µÀ¾ß¶þÊ®¾Å	µÀ¾ßÈýÊ®	µÀ¾ßÈýÊ®Ò»	µÀ¾ßÈýÊ®¶þ	µÀ¾ßÈýÊ®Èý	µÀ¾ßÈýÊ®ËÄ	µÀ¾ßÈýÊ®Îå	µÀ¾ßÈýÊ®Áù	µÀ¾ßÈýÊ®Æß	µÀ¾ßÈýÊ®°Ë	µÀ¾ßÈýÊ®¾Å	µÀ¾ßËÄÊ®	µÀ¾ßËÄÊ®Ò»	µÀ¾ßËÄÊ®¶þ	µÀ¾ßËÄÊ®Èý	µÀ¾ßËÄÊ®ËÄ	µÀ¾ßËÄÊ®Îå	µÀ¾ßËÄÊ®Áù	µÀ¾ßËÄÊ®Æß	µÀ¾ßËÄÊ®°Ë	µÀ¾ßËÄÊ®¾Å	µÀ¾ßÎåÊ®	µÀ¾ßÎåÊ®Ò»	µÀ¾ßÎåÊ®¶þ	µÀ¾ßÎåÊ®Èý	µÀ¾ßÎåÊ®ËÄ	µÀ¾ßÎåÊ®Îå	µÀ¾ßÎåÊ®Îå	µÀ¾ßÎåÊ®Áù	µÀ¾ßÎåÊ®Æß	µÀ¾ßÎåÊ®°Ë	µÀ¾ßÎåÊ®¾Å	µÀ¾ßÁùÊ®	µÀ¾ßÁùÊ®Ò»	µÀ¾ßÁùÊ®¶þ	µÀ¾ßÁùÊ®Èý	µÀ¾ßÁùÊ®ËÄ	µÀ¾ßÁùÊ®Îå	µÀ¾ßÁùÊ®Áù	µÀ¾ßÁùÊ®Æß	µÀ¾ßÁùÊ®°Ë	µÀ¾ßÁùÊ®¾Å	µÀ¾ßÆßÊ®	µÀ¾ßÆßÊ®Ò»	µÀ¾ßÆßÊ®¶þ	µÀ¾ßÆßÊ®Èý	µÀ¾ßÆßÊ®ËÄ	µÀ¾ßÆßÊ®Îå	µÀ¾ßÆßÊ®Áù	µÀ¾ßÆßÊ®Æß	µÀ¾ßÆßÊ®°Ë	µÀ¾ßÆßÊ®¾Å	µÀ¾ß°ËÊ®	µÀ¾ß°ËÊ®Ò»	µÀ¾ß°ËÊ®¶þ	µÀ¾ß°ËÊ®Èý	µÀ¾ß°ËÊ®ËÄ	µÀ¾ß°ËÊ®Îå	µÀ¾ß°ËÊ®Áù	µÀ¾ß°ËÊ®Æß	µÀ¾ß°ËÊ®°Ë	µÀ¾ß°ËÊ®¾Å	µÀ¾ß¾ÅÊ®	µÀ¾ß¾ÅÊ®Ò»	µÀ¾ß¾ÅÊ®¶þ	µÀ¾ß¾ÅÊ®Èý	µÀ¾ß¾ÅÊ®ËÄ	µÀ¾ß¾ÅÊ®Îå	µÀ¾ß¾ÅÊ®Áù	µÀ¾ß¾ÅÊ®Æß	µÀ¾ß¾ÅÊ®°Ë	µÀ¾ß¾ÅÊ®¾Å	µÀ¾ßÒ»°Ù	µÀ¾ßÒ»°ÙÁãÒ»	µÀ¾ßÒ»°ÙÁã¶þ	µÀ¾ßÒ»°ÙÁãÈý	µÀ¾ßÒ»°ÙÁãËÄ	µÀ¾ßÒ»°ÙÁãÎå	µÀ¾ßÒ»°ÙÁãÁù	µÀ¾ßÒ»°ÙÁãÆß	µÀ¾ßÒ»°ÙÁã°Ë	µÀ¾ßÒ»°ÙÁã¾Å	µÀ¾ßÒ»°ÙÒ»Ê®	µÀ¾ßÒ»°ÙÒ»Ê®Ò»	µÀ¾ßÒ»°ÙÒ»Ê®¶þ	µÀ¾ßÒ»°ÙÒ»Ê®Èý	µÀ¾ßÒ»°ÙÒ»Ê®ËÄ	µÀ¾ßÒ»°ÙÒ»Ê®Îå	µÀ¾ßÒ»°ÙÒ»Ê®Áù
	26	27	28	29	30	46	47	48	49	50	76	77	78	79	80	554																																																																																																					
	446	447	306	307	308	309	310	311	312	313	326	327	328	329	330	331	332	333	346	347	348	349	350	351	352	353	366	367	368	369	370	371	372	373	376	377	378	379	380	381	382	383	555																																																																										
	1	2	3	4	6	7	8	9	11	12	16	22	23	24																																																																																																							
	26	27	28	29	30	46	47	48	49	50	76	77	78	79	80	552																																																																																																					
	446	447	306	307	308	309	310	311	312	313	326	327	328	329	330	331	332	333	346	347	348	349	350	351	352	353	366	367	368	369	370	371	372	373	376	377	378	379	380	381	382	383	553																																																																										
	1	2	3	4	6	7	8	9	11	12	16	22	23	24																																																																																																							
	36	37	38	39	40	56	57	58	59	60	66	67	68	69	70	546																																																																																																					
	446	447	316	317	318	319	320	321	322	323	336	337	338	339	340	341	342	343	356	357	358	359	360	361	362	363	366	367	368	369	370	371	372	373	376	377	378	379	380	381	382	383	547																																																																										
	1	2	3	4	6	7	8	9	11	12	16	22	23	24	5	10	15																																																																																																				
	26	27	28	29	30	46	47	48	49	50	76	77	78	79	80	542																																																																																																					
	446	447	316	317	318	319	320	321	322	323	336	337	338	339	340	341	342	343	356	357	358	359	360	361	362	363	366	367	368	369	370	371	372	373	376	377	378	379	380	381	382	383	543																																																																										
	1	2	3	4	6	7	8	9	11	12	13	14	16	22	23	24	5	10	15																																																																																																		
	26	27	28	29	30	46	47	48	49	50	76	77	78	79	80	544																																																																																																					
	446	447	306	307	308	309	310	311	312	313	326	327	328	329	330	331	332	333	346	347	348	349	350	351	352	353	366	367	368	369	370	371	372	373	376	377	378	379	380	381	382	383	545																																																																										
	1	2	3	4	6	7	8	9	11	12	16	22	23	24	5	10	15																																																																																																				
	26	27	28	29	30	46	47	48	49	50	76	77	78	79	80	550																											
	446	447	306	307	308	309	310	311	312	313	326	327	328	329	330	331	332	333	346	347	348	349	350	351	352	353	366	367	368	369	370	371	372	373	376	377	378	379	380	381	382	383	551
	1	2	3	4	6	7	8	9	11	12	16	22	23	24																													
	36	37	38	39	40	56	57	58	59	60	66	67	68	69	70	549																											
	446	447	316	317	318	319	320	321	322	323	336	337	338	339	340	341	342	343	356	357	358	359	360	361	362	363	366	367	368	369	370	371	372	373	376	377	378	379	380	381	382	383	548
	1	2	3	4	6	7	8	9	11	12	16	22	23	24																													
	26	27	36	37	46	47	56	57	66	67	76	77	86	87	96	97	106	107																									
	446	136	137	146	147	156	176	206	207	236	237	246	247	256	257	276	277	296	297	450	451	460	461	480	481	490	491	510	511	520	521	530											
	1	2	6	7	16	21	22																																				
	26	27	36	37	46	47	56	57	66	67	76	77	86	87	96	97	106	107																									
	446	136	137	146	147	156	176	206	207	236	237	246	247	256	257	276	277	296	297	450	451	460	461	480	481	490	491	510	511	520	521	530											
	1	2	6	7	16	21	22																																				
	26	27	36	37	46	47	56	57	66	67	76	77	86	87	96	97	106	107																									
	446	136	137	146	147	156	176	206	207	236	237	246	247	256	257	276	277	296	297	450	451	460	461	480	481	490	491	510	511	520	521	530											
	1	2	6	7	16	21	22																																				
	34	35	44	45	54	55	64	65	74	75	84	85	94	95	104	105	114	115																									
	446	144	145	154	155	164	165	214	215	244	245	254	255	264	265	284	285	304	305	458	459	468	469	488	489	498	499	518	519	528	529	538	539
	4	5	9	10	13	14	25																										
	26	27	36	37	46	47	56	57	66	67	76	77	86	87	96	97	106	107															
	446	136	137	146	147	156	176	206	207	236	237	246	247	256	257	276	277	296	297	450	451	460	461	480	481	490	491	510	511	520	521	530	
	1	2	6	7	16	21	22																										
	26	27	36	37	46	47	56	57	66	67	76	77	86	87	96	97	106	107															
	446	136	137	146	147	156	176	206	207	236	237	246	247	256	257	276	277	296	297	450	451	460	461	480	481	490	491	510	511	520	521	530	
	1	2	6	7	16	21	22																										
	35	45	55	65	75	85																											
	4	5	9	10	13	14	25																										
	386	387	388	389	390	391	392	393	394	395																							
	396	397	398	399	400	401	402	403	404	405																							
	406	407	408	409	410	411	412	413	414	415																							
	416	417	418	419	420	421	422	423	424	425																							
	426	427	428	429	430	431	432	433	434	435																							
	416	417	541	419	420	421	422	423	424	425																							
	406	407	540	409	410	411	412	413	414	415																							
	26	27	28	29	30	31	32	33																									
	446	186	187	188	189	190	191	192	193	286	290	291	292	293																			
	1	2	3	4	5	6	7	8	9	10	11	12	13	14	15	21	22	23	24	25													
	86	87	88	89	90	91	92	93	96	97	98	99	100	101	102	103	106	107	108	109	110	111	112	113									
	446	146	147	148	149	150	151	152	153	450	451	452	453	454	455	456	457																
	2	3	4	6	7	8	11	12	16	22	23	24																					
	36	37	38	39	40	41	42	43	56	57	58	59	60	61	62	63	66	67	68	69	70	71	72	73									
	446	156	157	158	159	160	161	162	163	256	257	258	259	260	261	262	263																
	2	3	4	6	7	8	11	12	16	22	23	24																					
	36	37	38	39	40	41	42	43	56	57	58	59	60	61	62	63	66	67	68	69	70	71	72	73									
	446	136	137	138	139	140	141	142	143	206	207	208	209	210	211	212	213	236	237	238	239	240	241	242	243	490	491	492	493	494	495	496	497
	2	3	4	6	7	8	11	12	16	22	23	24																					
	26	27	28	29	30	31	32	33																									
	446	126	127	128	129	130	131	132	133	196	197	198	199	200	201	202	203	226	227	228	229	230	231	232	233	296	297	298	299	300	301	302	303
	2	3	4	6	7	8	11	12	16	22	23	24																					
	36	37	38	39	40	41	42	43	76	77	78	79	80	81	82	83																																	
	446	450	451	452	453	454	455	456	457	460	461	462	463	464	465	466	467	480	481	482	483	484	485	486	487	510	511	512	513	514	515	516	517	520	521	522	523	524	525	526	527	530	531	532	533	534	535	536	537
	2	3	4	6	7	8	11	12	16	22	23	24																																					
	26	27	28	29	30	31	32	33	36	37	38	39	40	41	42	43	46	47	48	49	50	51	52	53	56	57	58	59	60	61	62	63	66	67	68	69	70	71	72	73									
	446	116	117	118	119	120	121	122	123	216	217	218	219	220	221	222	223																																
	2	3	4	6	7	8	11	12	16	22	23	24																																					
	46	47	48	49	50	51	52	53																																									
	446	166	167	168	169	170	171	172	173	266	267	268	269	270	271	272	273	470	471	472	473	474	475	476	477	500	501	502	503	504	505	506	507																
	2	3	4	6	7	8	11	12	16	22	23	24																																					
	26	27	28	29	30	31	32	33	36	37	38	39	40	41	42	43																																	
	446	126	127	128	129	130	131	132	133	196	197	198	199	200	201	202	203	226	227	228	229	230	231	232	233	296	297	298	299	300	301	302	303																
	2	3	4	6	7	8	11	12	16	22	23	24																																					
	46	47	48	49	50	51	52	53	36	37	38	39	40	41	42	43																																	
	446	176	177	178	179	180	181	182	176	177	178	179	180	181	182	183	276	277	278	279	280	281	282	283	480	481	482	483	484	485	486	487	530	531	532	533	534	535	536	537									
	2	3	4	6	7	8	11	12	16	22	23	24																																					
	26	27	36	37	46	47	56	57	66	67	76	77	86	87	96	97	106	107																															
	446	136	137	146	147	156	176	206	207	236	237	246	247	256	257	276	277	296	297	450	451	460	461	480	481	490	491	510	511	520	521	530
	1	2	6	7	16	21	22																									
	26	27	36	37	46	47	56	57	66	67	76	77	86	87	96	97	106	107														
	446	136	137	146	147	156	176	206	207	236	237	246	247	256	257	276	277	296	297	450	451	460	461	480	481	490	491	510	511	520	521	530
	1	2	6	7	16	21	22																									
	26	27	36	37	46	47	56	57	66	67	76	77	86	87	96	97	106	107														
	446	136	137	146	147	156	176	206	207	236	237	246	247	256	257	276	277	296	297	450	451	460	461	480	481	490	491	510	511	520	521	530
	1	2	6	7	16	21	22																									
	1	2	3	4	6	7	8	9	11	12	16	22	23	24	5	10	15															
	448	1	2	3	4	5	6	7	8	9	10	11	12	13	14	15	21	22	23	24	25											
	1	2	3	4	5	6	7	8	9	10	11	12	13	14	15	21	22	23	24	25												
	436	437	438	439	440																											
	579	580	581	582	556	557	558	559	560	561	562	563	564	565	566	567	568	569	570	571	572	573	574	575	576	577	578					
	583	584	585	586	587	588	589	590	591	592	593	594	595	596	597	598	599	600	601	602	603	604	605	608	607	606	609					
	610	611	612	613	614	615	616	617	618	619	620	621	622	623																		
	556	557																														
Sù kiÖn	624	625	626	627	628	629	630	631	632	633	634	635	636	637	638	639													
Th­êng dïng	661	662	663	664	665	666	667	668	669	670																			
B¶o th¹ch	671	672	673	674																									
Th­ tÞch	675	676	677	678	679	680	681	682	683	684	685	686	687	688	689	690	691	692	693	694	695	696	697	698	699	700	701	702	703
M· bµi	704	705	706	707																									
MÆt n¹	640	641	642	643	644	645	646	647	648	649	650	651	652	653	654	655	656	657	658	659	660								
